504265596
500557446
500508224
500224586
499520018
499520016
499476146
499421070
496495768
496408108
494388236
493513147
493310461
492927411
492929392
492810625
491698736
490773582
489482064
489158011
488456154
488252169
485920246
485696265
478890180
478811856
478856999
478792482
478792479
478027596
478659076
478562220
478562219
478409721
478422017
478401082
478409075
478422396
478390734
478213914
478086882
477923072
477432675
477024713
476998662
476855837
476761948
476683176
476529602
475026557
474999874
474950927
474738661
474698118
474672884
474398425
474490920
474303900
474204477
474097243
474061851
473981694
473685583
473744607
473587159
473587150
473450114
473324281
473388897
473362565
473215413
473136284
473056843
473120364
473132983
473067058
472611579
472429839
472547489
472532090
472529000
472139310
472222696
472181388
472168105
471957079
472079098
471949433
472041716
471957063
471769940
471895210
471889063
471770013
471713941
471767662
471604728
471501765
471501763
471379984
470917486
470695783
470579661
470766685
470684676
470477221
470268508
470006379
469801430
469517445
469458277
469339486
469333230
468825570
468787887
468758891
468589979
468544413
468362821
468246824
468228348
468223108
468146661
468027778
468166281
467838889
467705365
467705356
467468932
467247248
467226338
466978527
466994972
466917980
466625517
466612677
466515394
466288823
466288821
466277177
466258283
466109773
466080217
465635795
465359916
465343950
465206288
465181535
464927522
464996836
464761428
464838931
464612771
464658773
464519394
464589786
464210136
464001956
463968477
463747996
463698796
463717316
463601209
463527944
463139155
463137053
463121644
462643944
462749203
462612250
462530119
462344531
462344530
462025295
462025284
461845670
461717108
461144702
460857335
460847539
460332161
460330119
460180753
460178086
459950610
460077657
459815693
459650302
459680698
459533673
459347938
459088182
458974287
458974279
459016023
458773160
458424943
458424932
458428348
458194663
458206060
458248112
458227149
458211876
458101584
458102525
458061980
457969529
457969929
457686737
457625185
457682873
457111897
456874031
456874026
456739604
456547601
456027021
455899533
455800271
455479519
455513253
455493251
455164563
455210787
455147439
455050058
454897833
455059512
454965014
454935398
454777073
454672599
454527211
454484851
454363463
454273256
454295379
454273252
454180142
454180139
454062379
453992555
453732751
453777825
453581240
453385766
453378721
453401755
453165124
452983511
452830044
452862388
452681486
452666900
452423518
452357303
452256936
452082296
452252683
452168704
452125710
452124576
451833354
451603996
451541087
451280340
451089031
451066786
451138634
450845902
450598953
450509553
450414366
450359188
450204071
449927644
449779029
449413014
449362599
449393633
449358749
449229473
449155586
449095620
448972965
448679381
448776252
448588002
448420959
448445049
448303832
448224145
448209451
447927932
447766399
447660351
447453389
447235593
447061307
446885263
446681221
446678246
446505733
446490748
446122649
445967231
445909750
445901354
445871895
445725442
445357449
444986220
444913642
444886386
444798508
444393100
444260644
444059024
443950698
443752808
443772807
443489648
443408326
443440044
443392203
443234288
443106414
443111629
443022576
442952272
442698751
442348616
442248336
442161274
442185795
442185814
442185614
442185756
442007302
441900749
441816129
441816890
441816122
441742798
441612851
441547023
441537620
441408558
441240004
441134586
441053403
441011626
440964229
440964223
440904559
440947446
440922864
440837008
440868608
440750838
440852312
440436501
440670953
440123084
439887326
439767648
439644163
439309570
439332944
439283933
439152469
439196527
439088978
439151903
439088970
438908736
438807260
438606271
438116242
438004834
437959817
437957099
437728032
437591073
437627150
437510215
437541472
437522932
437493410
437249890
436988696
436988688
437049586
437027643
436776365
436725927
436545436
436418360
436380845
436021522
435836079
435836075
435353031
434994491
434890741
434530669
434480210
434422508
434364749
434151255
433831295
433663845
433662014
433545118
433543215
433134031
433073115
433073112
433055128
433014644
433012211
432929102
432628303
432385232
432294357
432333356
432053181
431953870
431862995
431827700
431288927
431280210
430769102
430767246
430502266
430201820
430260684
430090582
430089407
429917441
429814730
429748848
429679720
429679718
429339332
429171108
428806766
429240352
429124902
429060502
429032818
429044132
428989427
428943208
428517399
428330097
428283592
427973270
427889946
427761319
427616394
427424629
427329358
427257734
427162817
427145664
426781244
426573638
426611652
426530095
426480596
426339835
426336800
426001366
425946252
425801337
425863202
425735681
425712900
425604510
425185689
424995167
425001154
424695346
424695338
424726051
424551542
424644124
424468754
424313902
424256381
424160699
424104689
424052103
423707732
423663198
423623556
423458064
423334483
423334483
423310051
423313064
422947636
422957373
422862312
422768737
422611726
422611718
422392909
422382417
422318936
422285438
422226022
421948888
421693105
421560616
421677450
421591093
421434336
421367695
421322623
421223921
421133207
421095237
421031847
421003100
420893469
420675372
420587308
420574504
420508257
420421160
420413454
420228746
420271797
420211218
420059192
420134140
420133338
420060263
420002571
419921730
419871115
419776997
419723791
419561733
419544609
419471026
418883738
418618971
418632433
418397216
418246254
418274997
418214597
418031028
417859447
417755487
417524823
417456891
416982028
416832581
416685988
416535747
416539421
416380270
416191044
415767907
415694842
415694840
415694839
415595534
415456097
415408665
415205670
415087183
415079587
415073432
415058925
415041695
414691350
414684593
414588522
414547269
414528437
414523437
413746369
413315836
413259633
413107769
412738269
412809132
412711855
412395407
412049972
412053280
412036731
411875979
411504817
411632233
411630986
411491872
411470460
410865816
410368352
410394148
410326441
410154828
410071542
409838506
409890603
409857495
409590675
409585886
409493899
409512708
409486591
409437999
409334099
409355673
409219200
409054597
408709142
408245228
408710920
408708509
408590531
408590530
408373123
408364838
408250005
408250003
408021965
408032162
407801083
407797633
407656561
407645762
407533510
407489886
407453835
407324282
407077102
406829407
406690728
406444873
406397631
405727333
405647117
405734989
405452059
405342081
405248928
405242546
404853847
405049971
405050198
404449749
404386846
404172317
403862900
403931666
403811853
403549584
403123833
403071962
402810070
402835382
402646506
402646503
402678228
402547561
402546161
402546160
402562390
402306269
401671161
401671344
401182189
401016021
400872234
400455017
400052768
399859036
399693181
399562751
399383353
399295343
398904339
398554952
398368894
398247357
398273995
397989395
397730592
397562596
397459619
397164439
396808839
396741038
396755925
396275835
395934167
395753068
395544223
395593640
395544405
395232499
395218032
395076123
394979330
394353313
394313928
394123708
394161693
393917725
393880768
393650571
393517262
393408583
393149322
393156652
392794209
392866177
392657737
392668959
392531007
392593872
392443457
392434641
392237703
392313767
392302826
392171402
392129771
391658087
391686555
391507158
391386257
391270245
391154475
391129947
391124693
390964198
390695734
390639819
390542583
390441087
389737057
389681287
389493171
389099886
389012849
388717563
388294392
387788905
387392804
387077347
387101937
386889082
386487320
386469469
386382100
386377087
386311909
386218493
386041489
386018870
385996776
385751163
385583429
385263984
384885651
384793860
384635683
384624958
384446046
384437666
384474972
384372221
384325856
384205566
384123178
383603910
383306034
383256697
383240455
383174976
383164796
383157204
383164779
383111586
383016424
382915269
382843870
382803990
382347796
382291454
382279381
382238091
382101112
382080981
382006940
381969443
381959292
381885013
381805373
381805370
381817167
381620354
381562469
381180469
381480731
381214496
381127100
380990255
381052956
381000084
380912405
380911423
380913905
380865229
380778931
380589895
380597995
380367782
380309603
380270942
380182091
380105428
380105422
380109521
380080286
379964781
379764631
379764625
379590618
379502031
379429933
379361962
379430927
379404804
379316298
378822151
378779898
378601810
378604899
378623793
378361791
378229892
378264864
378206780
378101129
378046056
377803491
377265591
377172684
377161967
377152075
376939541
376864075
376846515
376852989
376516543
376498179
376370645
376303938
376304016
376174084
376173728
376097651
376006027
375947005
375722912
375614294
375594906
375344331
375314966
375224893
375231037
375244069
375093282
374811612
374497894
374484251
374401873
374247109
374075771
374197367
374011121
373790931
373746916
373551498
373477775
373478527
373282594
373243831
373192620
373015392
373047977
372753064
372764757
372721057
372708416
372361354
372435418
372361343
372157569
371971706
371949934
371768645
371686455
371642806
371501710
371237552
371224774
370844787
370013926
369952972
369665752
369432526
369254328
368751592
368562236
368553858
368514445
368467191
368205255
368222746
368089976
367584836
367475548
367246287
366633694
366491601
366375474
366291619
366314793
366141912
366056643
366056638
365919641
365089017
365089016
365248934
365046209
364933225
364987725
365044198
364712100
364495681
364444062
364038445
363897784
363677524
363543491
363757868
363640101
363640099
363672438
363543483
363264990
363189665
363205514
363140410
362860918
362789244
362123233
362080189
362018431
362036568
361963989
361603712
361375806
361344234
361034066
360807280
360340447
360176359
360127409
359904718
359910416
359949848
360033982
359187146
358687144
358165871
358158377
357738254
357738200
357737908
357737979
357496248
357304314
357304305
357202550
357195271
357237614
357081813
357081804
357042297
357084556
357039769
357014488
356764583
356764572
356800765
356571352
356328470
356196915
356196914
356190952
356308808
356196911
356190947
356208808
356090035
355923580
355999448
355967875
355983435
355872110
355870167
355873701
355873698
355942456
355806761
355872095
355774741
355774739
355764076
355676051
355721515
355630563
355485170
355397967
355359269
355139791
355124455
354829277
354882232
354625690
354627693
354405924
354405920
354408134
354307325
354124887
354309562
354255349
354143239
354055305
353885138
353556448
353599086
353505875
353294032
353143654
353144474
353144461
353173833
353034816
352916727
352864328
352864327
352768990
352768988
352496180
352455676
352352906
352218911
352085708
351926110
351865304
351866414
351654594
351057075
350627108
350615943
350285642
350256142
350256128
350104106
349722062
349561753
349428381
349054817
348793132
348598505
348632356
348128753
347963243
347967779
347575846
347409969
347268862
347114501
346931331
346835904
346621966
346378696
346453241
346320651
346148104
346148095
345993694
346044234
345993678
344654346
344639055
344571211
344531466
344459655
344306655
344128756
344149960
344014328
344014317
344040507
343922407
343872352
343826035
343501738
343453597
343049876
342556564
342522135
342369750
342068749
341501882
341501880
341356288
341465979
340921312
340109217
340041657
340090820
340090483
340041651
339952133
339934806
339818328
339636613
339588218
339492608
339412236
339298415
339322840
339074800
339026521
338973883
338908240
338729729
338569513
338259530
338179891
337919546
337673270
337673269
337766126
337616167
337336144
337001276
336754542
336589257
336589256
336589253
336449368
335834092
335542794
335553586
335573135
335496884
335228454
335208366
334965851
335103478
333952119
333961051
333858790
333831257
333759463
333759198
333619431
333424908
333279471
333024288
332982920
332826572
332663438
332663435
332592714
332350957
332076390
331885046
331837810
331739049
331617560
331430812
331092197
330967153
330880414
330693450
330380796
330009949
330068728
329965708
329998520
329767673
329473807
329325799
329207218
329096328
328980506
328980499
328856549
328647982
328453242
328279063
328279044
328282629
328203352
328023333
327817244
327761808
327648992
327017923
327017921
326645195
326639465
326671635
326364601
326357600
326175281
326191959
326156495
326165811
326009017
325757496
325686487
325707095
325677775
325612101
325652800
325550046
325502723
325310958
325296794
325123656
325080132
325071264
324909822
324758699
324779376
324707355
324567413
324727658
323692320
41496967
41493711
41492099
41491945
41487430
41486643
41485086
40946335
40076310
40076192
40075375
40072155
40070900
40069628
40066184
40065185
40063954
40063570
40062918
40060080
40059191
40058047
40057289
40055560
40094651
40090616
40088503
40086672
40085877
40083433
